                       the first time to debug the instructions implemented in pa2.1
instruction and location    (in quick-sort.c) :
aupic: 2    

addi:3 6 7 10 13 14 15 21 24 38~43 47 49 54 57 58 60 63 64 66 69 70 72 75
 76 78 81 82 84 87 88 90 93 94 96 99 100 107 109 110 111 119 122 123 125
 128 129 131 134 135 137 140 141 143 146 147 154 156 157 158 166  169 170 
 172 175 176   183 185 186 187 191 192 193 201 204 205 207 210 211 213 216
 217 224  226 227 228 235 237 238 239  243 245 250 253 254 256 259 260 262
 265 266 273 275 276 277 285 288 289 291 296//right       
jalr: 233  299//right 

jal: 4 9 22 44 118 165 200 240 284 //right  

bge: 23 50 59 65 71 77 83 89 95 101 106 114 116 124 130 136 142 148 153 161       
163 171  177  182 190 196 198 206 212  218  223 236 246 255 261 267 272 280
 282 290//right
bne:
beq:113 160 189 195 230 279//right    
blt:62 68 74 80 86 92 98 127 133 139 145 174 209 215 258 264 293//right     
bltu:

sub:
slt:
add:46 52 56 102 105 108 121 149 152 155 168 178  181  184 203 219 222 225 242
 248 252 268 271 274 287 294//right      

sltiu:
andi: 
sill:45 51  55 103 117 120 150 164 167  179 199 202 220 241 247 251 269 283 286//right         


